192
213
282
108
227
184
237
37
215
201
6
202
10
86
252
221
72
93
189
210
292
169
167
70
55
60
265
197
135
60
214
85
271
229
254
3
198
4
102
196
5
188
195
79
78
175
198
268
73
287
36
275
98
263
106
9
291
25
182
135
266
281
191
102
22
283
266
28
190
263
176
218
36
130
294
276
24
250
68
253
249
177
187
94
39
20
243
230
154
194
74
128
209
131
63
43
109
68
168
197
86
48
156
101
92
180
152
165
66
149
218
227
292
238
182
136
96
124
54
239
268
77
209
23
53
300
187
238
22
198
48
166
187
138
204
205
254
216
276
99
204
272
196
292
293
109
92
181
183
163
238
138
86
289
263
197
181
165
89
165
13
10
7
25
265
4
101
30
104
131
272
294
120
279
110
263
91
252
138
29
37
247
120
192
297
137
173
266
75
107
183
27
209
158
281
199
187
15
95
95
